0.0,0.003124999999998973,0.0112;1;20250219-13:46:01;-0.7,-0.7031250000000009,-0.6899;0.7,0.703124999999999,0.7119;0.0,-0.003125000000001027,0.0142;
2;20250219-13:48:50;-0.7,-0.7031250000000009,-0.6905;0.7,0.703124999999999,0.7099;0.0,-0.003125000000001027,0.0146;
3;20250219-13:51:42;-0.7,-0.7031250000000009,-0.6933;0.7,0.703124999999999,0.7109;0.0,-0.003125000000001027,0.0099;
4;20250219-13:54:28;-0.7,-0.7031250000000009,-0.6901;0.7,0.703124999999999,0.7112;0.0,-0.003125000000001027,0.0122;
5;20250219-13:57:16;-0.7,-0.7031250000000009,-0.6875;0.7,0.703124999999999,0.7114;0.0,-0.003125000000001027,0.0114;
6;20250219-14:00:05;-0.7,-0.7031250000000009,-0.6944;0.7,0.703124999999999,0.7154;0.0,-0.003125000000001027,0.0145;
7;20250219-14:02:52;-0.7,-0.7031250000000009,-0.6913;0.7,0.703124999999999,0.7138;0.0,-0.003125000000001027,0.0142;
8;20250219-14:05:40;-0.7,0.003124999999998973,0.0129;0.7,0.703124999999999,0.7102;0.0,-0.003125000000001027,0.01115;
9;20250219-14:08:25;-0.7,0.003124999999998973,0.01245;0.7,0.703124999999999,0.7097;0.0,-0.003125000000001027,0.0155;
10;20250219-14:11:08;-0.7,-0.7031250000000009,-0.6911;0.7,0.703124999999999,0.7102;
